a1_top_Mass2j_PFCor = 0.11863 +/- 0.020301 C L(-0.0843789 - 0.321639)
a2_top_Mass2j_PFCor = -0.291857 +/- 0.020139 C L(-0.493251 - -0.090463)
a3_top_Mass2j_PFCor = 0.015000 +/- 0.018291 C L(-0.167914 - 0.197915)
n_top = 6180.2 +/- 78.6 C
