offset_WpJ_Mass2j_PFCor = 37.580 +/- 2.2729 L(14.851 - 60.3086)
power_WpJ_Mass2j_PFCor = -1.30870 +/- 0.084451 L(-2.15321 - -0.464189)
width_WpJ_Mass2j_PFCor = 17.693 +/- 5.7264 L(-39.571 - 74.9569)
n_WpJ = 6884.5 +/- 83.0 C
