offset_WpJ_Mass2j_PFCor = 44.633 +/- 1.5905 L(28.7286 - 60.5377)
power2_WpJ_Mass2j_PFCor = -0.374401 +/- 0.14080 L(-1.48703 - 0.738225)
power_WpJ_Mass2j_PFCor = 1.1075 +/- 0.122443 L(0.556979 - 1.65802)
width_WpJ_Mass2j_PFCor = 21.317 +/- 1.7348 L(3.96861 - 38.6648)
n_WpJ = 102229.7 +/- 319.7 C
