offset_WpJ_Mass2j_PFCor = 41.281 +/- 1.1871 L(29.4099 - 53.1525)
power_WpJ_Mass2j_PFCor = -1.34697 +/- 0.081652 L(-2.16349 - -0.530454)
width_WpJ_Mass2j_PFCor = 12.995 +/- 3.5693 L(-22.698 - 48.6887)
n_WpJ = 6247.1 +/- 79.0 C
