WpJ_nrm =  1.1724 +/- 0.069432 L(-0.5 - 5) 
c_WpJ_GroomedJet_CA8_mass_pr = -0.0450088 +/- 0.010076 L(-0.2 - -0.01) 
c_diboson_GroomedJet_CA8_mass_pr = -0.202893 +/- 0.014262 C L(-0.34551 - -0.0602753) 
c_top_GroomedJet_CA8_mass_pr = -0.104739 +/- 0.032428 C L(-0.429018 - 0.21954) 
diboson_nrm =  2.2266 +/- 0.84028 L(-0.5 - 5) 
f_W_diboson_GroomedJet_CA8_mass_pr =  0.44085 +/- 0.055161 C L(-0.110763 - 0.99246) 
f_Z_diboson_GroomedJet_CA8_mass_pr =  0.14069 +/- 0.040634 C L(-0.265647 - 0.547024) 
f_top_GroomedJet_CA8_mass_pr_core =  0.34938 +/- 0.038246 C L(-0.0330813 - 0.731834) 
mean_diboson_GroomedJet_CA8_mass_pr_W =  83.516 +/- 0.70671 C L(75.3487 - 89.4828) 
mean_top_GroomedJet_CA8_mass_pr_core =  85.787 +/- 0.53369 C L(79.3498 - 90.0235) 
n_WpJ =  2149.1 +/- 1074.5 C L(0 - 1e+06) 
n_diboson =  171.60 +/- 13.100 C L(0 - 1e+06) 
n_top =  578.60 +/- 57.860 C L(0 - 1e+06) 
offset_WpJ_GroomedJet_CA8_mass_pr =  73.551 +/- 12.674 L(10 - 200) 
offset_diboson_GroomedJet_CA8_mass_pr =  175.27 +/- 4.4934 C L(130.334 - 220.202) 
offset_top_GroomedJet_CA8_mass_pr =  119.55 +/- 20.626 C L(-86.7062 - 325.804) 
resolution_diboson_GroomedJet_CA8_mass_pr =  0.083340 +/- 0.0089406 C L(-0.017561 - 0.161252) 
sigma_top_GroomedJet_CA8_mass_pr_core =  7.8627 +/- 0.52291 C L(1.54904 - 12.0073) 
top_nrm =  0.99971 +/- 0.099706 L(-0.5 - 5) 
wider_top_GroomedJet_CA8_mass_pr =  4.5590 C L(1 - 10) 
width_WpJ_GroomedJet_CA8_mass_pr =  30.020 +/- 3.9016 L(10 - 50) 
width_diboson_GroomedJet_CA8_mass_pr =  31.100 +/- 1.1625 C L(19.4744 - 42.7253) 
width_top_GroomedJet_CA8_mass_pr =  29.192 +/- 2.5882 C L(3.30989 - 55.0731) 
