c_diboson_GroomedJet_CA8_mass_pr = -0.202893 +/- 0.014262 C L(-0.34551 - -0.0602753)
f_W_diboson_GroomedJet_CA8_mass_pr = 0.44085 +/- 0.055161 C L(-0.110763 - 0.99246)
f_Z_diboson_GroomedJet_CA8_mass_pr = 0.14069 +/- 0.040634 C L(-0.265647 - 0.547024)
mean_diboson_GroomedJet_CA8_mass_pr_W = 83.516 +/- 0.70671 C L(75.3487 - 89.4828)
offset_diboson_GroomedJet_CA8_mass_pr = 175.27 +/- 4.4934 C L(130.334 - 220.202)
resolution_diboson_GroomedJet_CA8_mass_pr = 0.0833402 +/- 0.0089406 C L(-0.017561 - 0.161252)
width_diboson_GroomedJet_CA8_mass_pr = 31.100 +/- 1.1625 C L(19.4744 - 42.7253)
n_diboson = 171.6 +/- 13.1 C
