c_top_GroomedJet_CA8_mass_pr = -0.0449295 +/- 0.012459 C L(-0.169521 - 0.0796617)
f_top_GroomedJet_CA8_mass_pr_core = 0.37575 +/- 0.042486 C L(-0.0491124 - 0.800603)
mean_top_GroomedJet_CA8_mass_pr_core = 84.738 +/- 0.53587 C L(78.2792 - 88.9966)
offset_top_GroomedJet_CA8_mass_pr = 78.288 +/- 9.1456 C L(-13.1678 - 169.744)
sigma_top_GroomedJet_CA8_mass_pr_core = 8.0285 +/- 0.58326 C L(1.08844 - 12.7537)
wider_top_GroomedJet_CA8_mass_pr = 4.5590 C L(1 - 10)
width_top_GroomedJet_CA8_mass_pr = 20.979 +/- 3.7749 C L(-16.7707 - 58.7281)
n_top = 706.4 +/- 26.6 C
c_diboson_GroomedJet_CA8_mass_pr = -0.0424087 +/- 0.027961 C L(-0.322015 - 0.237198)
f_W_diboson_GroomedJet_CA8_mass_pr = 0.54409 +/- 0.069191 C L(-0.147822 - 1.23601)
f_Z_diboson_GroomedJet_CA8_mass_pr = 0.19831 +/- 0.058567 C L(-0.387357 - 0.783976)
mean_diboson_GroomedJet_CA8_mass_pr_W = 84.130 +/- 0.84434 C L(74.587 - 91.4737)
offset_diboson_GroomedJet_CA8_mass_pr = 74.203 +/- 37.887 C L(-304.671 - 453.077)
resolution_diboson_GroomedJet_CA8_mass_pr = 0.103567 +/- 0.0072112 C L(0.0171695 - 0.161394)
width_diboson_GroomedJet_CA8_mass_pr = 31.528 +/- 11.431 C L(-82.7868 - 145.842)
n_diboson = 205.3 +/- 14.3 C
offset_WpJ_GroomedJet_CA8_mass_pr = 79.651 +/- 0.0034022 L(79.6166 - 79.6846)
power2_WpJ_GroomedJet_CA8_mass_pr = 0.83022 +/- 0.00012061 L(0.829016 - 0.831428)
power_WpJ_GroomedJet_CA8_mass_pr = 5.4915 +/- 0.038643 L(5.10505 - 5.87791)
width_WpJ_GroomedJet_CA8_mass_pr = 23.793 +/- 0.15474 L(22.2454 - 25.3401)
n_WpJ = 2636.4 +/- 51.3 C
