c_WpJ_GroomedJet_CA8_mass_pr = -0.0507830 +/- 0.0011607 L(-0.2 - -0.01)
offset_WpJ_GroomedJet_CA8_mass_pr = 73.115 +/- 1.2075 L(10.0 - 200.0)
width_WpJ_GroomedJet_CA8_mass_pr = 26.660 +/- 0.47594 L(10.0 - 50.0)
n_WpJ = 2636.3 +/- 51.3 C
